INPUT
Set_Camera_Alt(<25.000000,15.000000,-33.000000>, <-0.518021,-0.292795,0.743248>, <49.618529,-9.278262,30.927538>, <-1.701007,41.671087,15.230332>)

OUPUT
Ort = 1
Mod = 2
Loc = (25.000000,15.000000,-33.000000)
At  = (2.000008,1.999981,0.000010)
Ang = 69.999989
Zoo = 0.952099
Sky = (0.000000,1.000000,0.300000)
Dir = (-0.518021,-0.292795,0.743248)
Rgt = (49.618529,-9.278262,30.927538)
Up  = (-1.701007,41.671087,15.230332)
